16 101145
16 98574
16 97226
16 98139
16 99546.6
32 37023.7
32 39038.9
32 37399
32 37018.9
32 36513.2
64 14544.3
64 14580
64 14979.5
64 14013.6
64 14647.6
64 14249.7
64 14784.2
64 14091.8
128 6244.62
128 6736.93
128 6575.47
128 6641.04
128 6966.53
128 6490.51
128 6527.62
128 6596.23
256 3114.35
256 3341.45
256 3146.62
256 3073.19
256 3701.67
256 3554.69
256 3088.37
256 3362.95
384 2102.94
384 2671.9
384 3361.56
384 2552.16
384 2477.77
384 2118.72
384 2357.88
384 2405.33
512 2034.36
512 2034.5
512 2278.19
512 1980.01
512 1999.79
512 1959.67
512 1819.14
512 1908.49
640 1362.85
640 1643.24
640 1639.96
640 1385.41
640 1490.97
640 1573.28
640 1468.05
640 1513.5
768 1430.67
768 1186.71
768 1276.18
768 1343.26
768 1130.89
768 1281.44
768 1296.04
768 1193.96
896 1040.94
896 1092.39
896 1456.46
896 1260.67
896 1159.78
896 1138.78
896 1263.3
896 1093.49
