32 32753.264
32 33344.024
32 33207.654
32 34340.064
64 13200.770
64 13645.065
64 13093.701
64 12599.356
112 6759.411
128 5666.334
128 5881.177
128 6075.197
192 4002.332
192 4067.286
256 2967.977
256 3333.089
256 2871.654
256 3344.810
256 2986.667
320 2697.034
384 2052.501
384 2055.118
384 2143.607
512 1537.042
512 1544.116
640 1505.086
640 1491.354
640 1353.414
640 1479.444
640 1354.684
640 1327.615
768 1675.324
768 1145.229
768 1162.921
768 1053.051
768 1046.807
896 1006.508
896  972.263
896 1052.022
